9.176472425460815430e-01 8.235271275043487549e-02
8.854059576988220215e-01 1.145940497517585754e-01
9.166618585586547852e-01 8.333819359540939331e-02
8.518071770668029785e-01 1.481928229331970215e-01
8.773787617683410645e-01 1.226212680339813232e-01
7.890577912330627441e-01 2.109422385692596436e-01
7.432636022567749023e-01 2.567364275455474854e-01
6.325207352638244629e-01 3.674792647361755371e-01
6.375250816345214844e-01 3.624749183654785156e-01
7.106392383575439453e-01 2.893607914447784424e-01
5.058335065841674805e-01 4.941664934158325195e-01
4.989458322525024414e-01 5.010541081428527832e-01
5.558311343193054199e-01 4.441688358783721924e-01
3.866291344165802002e-01 6.133708357810974121e-01
2.253611981868743896e-01 7.746387720108032227e-01
1.968868523836135864e-01 8.031131029129028320e-01
2.510883510112762451e-01 7.489116191864013672e-01
2.863029241561889648e-01 7.136970162391662598e-01
3.266272246837615967e-01 6.733727455139160156e-01
2.345207631587982178e-01 7.654792070388793945e-01
2.471036463975906372e-01 7.528963685035705566e-01
2.358026057481765747e-01 7.641974091529846191e-01
1.768784523010253906e-01 8.231215476989746094e-01
1.571102738380432129e-01 8.428897261619567871e-01
1.042845398187637329e-01 8.957154154777526855e-01
6.874008476734161377e-02 9.312599301338195801e-01
6.657128781080245972e-02 9.334287047386169434e-01
8.205407112836837769e-02 9.179459810256958008e-01
7.871711254119873047e-02 9.212828874588012695e-01
9.245977550745010376e-02 9.075402617454528809e-01
6.186975911259651184e-02 9.381302595138549805e-01
5.910260975360870361e-02 9.408973455429077148e-01
5.151576548814773560e-02 9.484842419624328613e-01
7.607577741146087646e-02 9.239242076873779297e-01
1.082539260387420654e-01 8.917460441589355469e-01
1.620260328054428101e-01 8.379739522933959961e-01
1.811606138944625854e-01 8.188393712043762207e-01
2.602041661739349365e-01 7.397958040237426758e-01
2.074980288743972778e-01 7.925019860267639160e-01
2.763024568557739258e-01 7.236974835395812988e-01
7.675110101699829102e-01 2.324890643358230591e-01
7.526933550834655762e-01 2.473065853118896484e-01
7.168560624122619629e-01 2.831439077854156494e-01
6.327654123306274414e-01 3.672345578670501709e-01
6.298120617866516113e-01 3.701879680156707764e-01
6.592882275581359863e-01 3.407117724418640137e-01
6.848744153976440430e-01 3.151256442070007324e-01
7.322574853897094727e-01 2.677424550056457520e-01
7.433522343635559082e-01 2.566477358341217041e-01
7.392290830612182617e-01 2.607709765434265137e-01
6.762864589691162109e-01 3.237135112285614014e-01
6.187453269958496094e-01 3.812546730041503906e-01
6.269848346710205078e-01 3.730151355266571045e-01
6.352610588073730469e-01 3.647389709949493408e-01
5.043032765388488770e-01 4.956967234611511230e-01
5.128465294837951660e-01 4.871534407138824463e-01
5.125683546066284180e-01 4.874316453933715820e-01
5.168065428733825684e-01 4.831935167312622070e-01
5.815963149070739746e-01 4.184037148952484131e-01
5.880360007286071777e-01 4.119639098644256592e-01
2.507431209087371826e-01 7.492568492889404297e-01
2.529933452606201172e-01 7.470067143440246582e-01
3.277781605720520020e-01 6.722218394279479980e-01
3.268164694309234619e-01 6.731835603713989258e-01
5.501483082771301270e-01 4.498516917228698730e-01
5.002323165535926819e-02 9.499767422676086426e-01
5.891132354736328125e-02 9.410887360572814941e-01
1.552848368883132935e-01 8.447151780128479004e-01
3.097210824489593506e-01 6.902788877487182617e-01
2.114091515541076660e-01 7.885907888412475586e-01
3.461912870407104492e-01 6.538087129592895508e-01
1.836258471012115479e-01 8.163741230964660645e-01
4.369384944438934326e-01 5.630614757537841797e-01
4.422879517078399658e-01 5.577120184898376465e-01
3.600328564643859863e-01 6.399671435356140137e-01
8.241772651672363281e-02 9.175822734832763672e-01
6.747315078973770142e-02 9.325268864631652832e-01
6.290171295404434204e-02 9.370983242988586426e-01
1.253737509250640869e-01 8.746261596679687500e-01
1.208934783935546875e-01 8.791065812110900879e-01
9.283994883298873901e-02 9.071600437164306641e-01
6.355378031730651855e-02 9.364461898803710938e-01
5.882808566093444824e-02 9.411719441413879395e-01
1.075256317853927612e-01 8.924744129180908203e-01
1.035508662462234497e-01 8.964491486549377441e-01
1.027792841196060181e-01 8.972206711769104004e-01
1.266197115182876587e-01 8.733803033828735352e-01
1.489989161491394043e-01 8.510010838508605957e-01
1.855672746896743774e-01 8.144326806068420410e-01
2.929664552211761475e-01 7.070335745811462402e-01
3.117753863334655762e-01 6.882246136665344238e-01
2.322783321142196655e-01 7.677217125892639160e-01
2.827737331390380859e-01 7.172262668609619141e-01
4.607411324977874756e-01 5.392588973045349121e-01
5.638363361358642578e-01 4.361637234687805176e-01
4.064421355724334717e-01 5.935578346252441406e-01
3.656780123710632324e-01 6.343219876289367676e-01
3.793305456638336182e-01 6.206694841384887695e-01
3.431139290332794189e-01 6.568861007690429688e-01
3.370415270328521729e-01 6.629585027694702148e-01
3.869825005531311035e-01 6.130175590515136719e-01
4.701211750507354736e-01 5.298787951469421387e-01
5.649258494377136230e-01 4.350740909576416016e-01
6.401791572570800781e-01 3.598208129405975342e-01
6.859697699546813965e-01 3.140301704406738281e-01
4.321698248386383057e-01 5.678302049636840820e-01
4.208298325538635254e-01 5.791701674461364746e-01
3.855175971984863281e-01 6.144824028015136719e-01
4.452327191829681396e-01 5.547673106193542480e-01
4.581267237663269043e-01 5.418732166290283203e-01
4.400067627429962158e-01 5.599932670593261719e-01
4.542590379714965820e-01 5.457410216331481934e-01
5.794363021850585938e-01 4.205637276172637939e-01
4.411140382289886475e-01 5.588858723640441895e-01
4.234645068645477295e-01 5.765354633331298828e-01
4.651458859443664551e-01 5.348541736602783203e-01
3.582193255424499512e-01 6.417806148529052734e-01
2.741056084632873535e-01 7.258944511413574219e-01
3.022475242614746094e-01 6.977524161338806152e-01
3.151859939098358154e-01 6.848140358924865723e-01
2.278509289026260376e-01 7.721491456031799316e-01
2.319292277097702026e-01 7.680708169937133789e-01
2.545719444751739502e-01 7.454280853271484375e-01
2.051198631525039673e-01 7.948801517486572266e-01
1.722002178430557251e-01 8.277997374534606934e-01
1.894544512033462524e-01 8.105455040931701660e-01
1.471980512142181396e-01 8.528019785881042480e-01
1.385611742734909058e-01 8.614388704299926758e-01
1.333032548427581787e-01 8.666967749595642090e-01
1.463330835103988647e-01 8.536669611930847168e-01
1.919389814138412476e-01 8.080610036849975586e-01
2.179077118635177612e-01 7.820923328399658203e-01
1.952246129512786865e-01 8.047754168510437012e-01
4.949192106723785400e-01 5.050806999206542969e-01
3.357364833354949951e-01 6.642635464668273926e-01
3.608922064304351807e-01 6.391077637672424316e-01
5.244634747505187988e-01 4.755365550518035889e-01
4.870249330997467041e-01 5.129750967025756836e-01
5.427815318107604980e-01 4.572185277938842773e-01
7.224770784378051758e-01 2.775228321552276611e-01
7.483500838279724121e-01 2.516498863697052002e-01
7.524952888488769531e-01 2.475046962499618530e-01
6.703829765319824219e-01 3.296170234680175781e-01
4.528752565383911133e-01 5.471246838569641113e-01
6.091894507408142090e-01 3.908105492591857910e-01
5.161039829254150391e-01 4.838959574699401855e-01
4.766934812068939209e-01 5.233064889907836914e-01
4.290498793125152588e-01 5.709500908851623535e-01
3.135323524475097656e-01 6.864676475524902344e-01
2.786328792572021484e-01 7.213671207427978516e-01
2.553197741508483887e-01 7.446802258491516113e-01
2.089055925607681274e-01 7.910943627357482910e-01
1.883492618799209595e-01 8.116507530212402344e-01
1.570773571729660034e-01 8.429226875305175781e-01
1.728880405426025391e-01 8.271120190620422363e-01
1.505166292190551758e-01 8.494833111763000488e-01
8.348623663187026978e-02 9.165136814117431641e-01
1.158796548843383789e-01 8.841203451156616211e-01
9.045184403657913208e-02 9.095481634140014648e-01
7.772256433963775635e-02 9.222774505615234375e-01
5.604716762900352478e-02 9.439528584480285645e-01
6.655192375183105469e-02 9.334481358528137207e-01
7.154659181833267212e-02 9.284533858299255371e-01
6.697566062211990356e-02 9.330243468284606934e-01
5.120387300848960876e-02 9.487960934638977051e-01
1.581602096557617188e-01 8.418397307395935059e-01
2.417674213647842407e-01 7.582325935363769531e-01
3.016766905784606934e-01 6.983233094215393066e-01
3.300677537918090820e-01 6.699323058128356934e-01
4.577805101871490479e-01 5.422194600105285645e-01
4.755582213401794434e-01 5.244417190551757812e-01
4.934339821338653564e-01 5.065659880638122559e-01
5.734834671020507812e-01 4.265165627002716064e-01
5.021783113479614258e-01 4.978217184543609619e-01
6.141800284385681152e-01 3.858200311660766602e-01
6.480974555015563965e-01 3.519025743007659912e-01
5.558117032051086426e-01 4.441883563995361328e-01
8.633781671524047852e-01 1.366218924522399902e-01
6.245653629302978516e-01 3.754346370697021484e-01
6.259586811065673828e-01 3.740413188934326172e-01
5.857855081558227539e-01 4.142145514488220215e-01
6.128630042076110840e-01 3.871370255947113037e-01
5.997382998466491699e-01 4.002617299556732178e-01
4.983502030372619629e-01 5.016498565673828125e-01
4.978252053260803223e-01 5.021747946739196777e-01
5.668699741363525391e-01 4.331300556659698486e-01
4.671253859996795654e-01 5.328747034072875977e-01
4.164868891239166260e-01 5.835131406784057617e-01
4.016807079315185547e-01 5.983192920684814453e-01
4.714648425579071045e-01 5.285351872444152832e-01
3.519481420516967773e-01 6.480518579483032227e-01
3.360263705253601074e-01 6.639736294746398926e-01
3.754050433635711670e-01 6.245949864387512207e-01
3.553670346736907959e-01 6.446328759193420410e-01
5.229451656341552734e-01 4.770548045635223389e-01
6.145414710044860840e-01 3.854585587978363037e-01
6.422626972198486328e-01 3.577372729778289795e-01
7.980557084083557129e-01 2.019442617893218994e-01
8.553640842437744141e-01 1.446358561515808105e-01
7.350543141365051270e-01 2.649457156658172607e-01
6.751475334167480469e-01 3.248524963855743408e-01
5.851151347160339355e-01 4.148848354816436768e-01
6.572017073631286621e-01 3.427982628345489502e-01
5.069134235382080078e-01 4.930865168571472168e-01
4.644702672958374023e-01 5.355297327041625977e-01
4.141685366630554199e-01 5.858315229415893555e-01
3.146262466907501221e-01 6.853737235069274902e-01
4.167693555355072021e-01 5.832306146621704102e-01
3.695082366466522217e-01 6.304918527603149414e-01
2.153629958629608154e-01 7.846370339393615723e-01
2.619470655918121338e-01 7.380529642105102539e-01
2.908226847648620605e-01 7.091773152351379395e-01
3.019194602966308594e-01 6.980805397033691406e-01
2.497885972261428833e-01 7.502114176750183105e-01
2.228558510541915894e-01 7.771441340446472168e-01
6.131074428558349609e-01 3.868926465511322021e-01
4.780906438827514648e-01 5.219093561172485352e-01
5.481569170951843262e-01 4.518430233001708984e-01
5.299975275993347168e-01 4.700024425983428955e-01
4.309852719306945801e-01 5.690147280693054199e-01
4.657192826271057129e-01 5.342807173728942871e-01
5.711583495140075684e-01 4.288417398929595947e-01
6.251901388168334961e-01 3.748098611831665039e-01
5.419759154319763184e-01 4.580240547657012939e-01
4.990445375442504883e-01 5.009554624557495117e-01
5.336793065071105957e-01 4.663207530975341797e-01
5.978022813796997070e-01 4.021976590156555176e-01
7.362867593765258789e-01 2.637132108211517334e-01
7.318210601806640625e-01 2.681789100170135498e-01
6.991657614707946777e-01 3.008342385292053223e-01
7.341395020484924316e-01 2.658605277538299561e-01
7.244214415550231934e-01 2.755785882472991943e-01
7.169157266616821289e-01 2.830842137336730957e-01
7.015168666839599609e-01 2.984831035137176514e-01
5.941780209541320801e-01 4.058220088481903076e-01
5.647472143173217773e-01 4.352527856826782227e-01
5.379415154457092285e-01 4.620584547519683838e-01
8.644775152206420898e-01 1.355224996805191040e-01
8.868357539176940918e-01 1.131642684340476990e-01
9.380397200584411621e-01 6.196022033691406250e-02
3.161959648132324219e-01 6.838039755821228027e-01
3.065964579582214355e-01 6.934035420417785645e-01
2.949281036853790283e-01 7.050718665122985840e-01
3.432368636131286621e-01 6.567631363868713379e-01
3.724028766155242920e-01 6.275971531867980957e-01
4.009251892566680908e-01 5.990748405456542969e-01
4.968431890010833740e-01 5.031567811965942383e-01
5.027718544006347656e-01 4.972280859947204590e-01
4.315295219421386719e-01 5.684704780578613281e-01
4.780284464359283447e-01 5.219715833663940430e-01
4.152281284332275391e-01 5.847718119621276855e-01
3.540102839469909668e-01 6.459897160530090332e-01
3.736669719219207764e-01 6.263330578804016113e-01
2.220833599567413330e-01 7.779166102409362793e-01
2.078622877597808838e-01 7.921376824378967285e-01
1.309829205274581909e-01 8.690170645713806152e-01
1.227507069706916809e-01 8.772493004798889160e-01
1.278969794511795044e-01 8.721030354499816895e-01
1.176673248410224915e-01 8.823327422142028809e-01
9.463892132043838501e-02 9.053611159324645996e-01
8.701667189598083496e-02 9.129833579063415527e-01
9.180522710084915161e-02 9.081947207450866699e-01
1.124149262905120850e-01 8.875850439071655273e-01
9.849435836076736450e-02 9.015055894851684570e-01
7.860913127660751343e-02 9.213908910751342773e-01
7.456883043050765991e-02 9.254311919212341309e-01
8.292268216609954834e-02 9.170773029327392578e-01
7.278978824615478516e-02 9.272102117538452148e-01
9.765325486660003662e-02 9.023467302322387695e-01
1.195513606071472168e-01 8.804486393928527832e-01
1.601102799177169800e-01 8.398897647857666016e-01
1.424025446176528931e-01 8.575974106788635254e-01
2.363159060478210449e-01 7.636840343475341797e-01
3.227265179157257080e-01 6.772735118865966797e-01
5.909777879714965820e-01 4.090222120285034180e-01
6.483442783355712891e-01 3.516557216644287109e-01
6.815721988677978516e-01 3.184278309345245361e-01
7.685753107070922852e-01 2.314247488975524902e-01
7.109214067459106445e-01 2.890785932540893555e-01
7.201201915740966797e-01 2.798798680305480957e-01
4.444544017314910889e-01 5.555455684661865234e-01
5.795704126358032227e-01 4.204296171665191650e-01
5.816337466239929199e-01 4.183662831783294678e-01
2.791023254394531250e-01 7.208976745605468750e-01
4.107523560523986816e-01 5.892476439476013184e-01
4.375326335430145264e-01 5.624673962593078613e-01
4.529020786285400391e-01 5.470979213714599609e-01
5.300755500793457031e-01 4.699243903160095215e-01
3.077130913734436035e-01 6.922869086265563965e-01
2.056438922882080078e-01 7.943561077117919922e-01
1.385510116815567017e-01 8.614490032196044922e-01
1.340296119451522827e-01 8.659703731536865234e-01
1.459356844425201416e-01 8.540643453598022461e-01
9.120311141014099121e-01 8.796881139278411865e-02
9.255287051200866699e-01 7.447135448455810547e-02
9.292274117469787598e-01 7.077261805534362793e-02
9.358929395675659180e-01 6.410706043243408203e-02
6.348256468772888184e-01 3.651743233203887939e-01
7.457342147827148438e-01 2.542658150196075439e-01
6.348075866699218750e-01 3.651923835277557373e-01
6.596415042877197266e-01 3.403585553169250488e-01
6.900110244750976562e-01 3.099889755249023438e-01
6.902536153793334961e-01 3.097463548183441162e-01
6.591027975082397461e-01 3.408972024917602539e-01
6.632276177406311035e-01 3.367722928524017334e-01
6.426721215248107910e-01 3.573277890682220459e-01
6.295787692070007324e-01 3.704212605953216553e-01
7.190012931823730469e-01 2.809987664222717285e-01
7.102041244506835938e-01 2.897959053516387939e-01
6.263545751571655273e-01 3.736453950405120850e-01
6.264137029647827148e-01 3.735862672328948975e-01
5.560784339904785156e-01 4.439215958118438721e-01
7.755184769630432129e-01 2.244815081357955933e-01
7.251659631729125977e-01 2.748340964317321777e-01
7.327011823654174805e-01 2.672988176345825195e-01
6.966624855995178223e-01 3.033374845981597900e-01
6.625203490257263184e-01 3.374796509742736816e-01
7.355896830558776855e-01 2.644103169441223145e-01
7.650492787361145020e-01 2.349506467580795288e-01
7.256620526313781738e-01 2.743379473686218262e-01
7.767689228057861328e-01 2.232311069965362549e-01
7.748327255249023438e-01 2.251672446727752686e-01
8.412190675735473633e-01 1.587809473276138306e-01
8.496012091636657715e-01 1.503987908363342285e-01
8.872908949851989746e-01 1.127090603113174438e-01
8.709663748741149902e-01 1.290336251258850098e-01
8.832567334175109863e-01 1.167432367801666260e-01
9.035066962242126465e-01 9.649327397346496582e-02
9.156937599182128906e-01 8.430626988410949707e-02
9.272036552429199219e-01 7.279632985591888428e-02
9.091961979866027832e-01 9.080382436513900757e-02
9.411682486534118652e-01 5.883182212710380554e-02
9.231790900230407715e-01 7.682091742753982544e-02
8.919780850410461426e-01 1.080219149589538574e-01
8.768735527992248535e-01 1.231264322996139526e-01
8.495330810546875000e-01 1.504669636487960815e-01
8.290441036224365234e-01 1.709559559822082520e-01
8.346506357192993164e-01 1.653493046760559082e-01
7.581678032875061035e-01 2.418322563171386719e-01
7.530095577239990234e-01 2.469904422760009766e-01
7.725580930709838867e-01 2.274419367313385010e-01
8.045437335968017578e-01 1.954562515020370483e-01
8.532385230064392090e-01 1.467614024877548218e-01
8.847077488899230957e-01 1.152922809123992920e-01
8.811823129653930664e-01 1.188177168369293213e-01
8.708236813545227051e-01 1.291763186454772949e-01
8.550747036933898926e-01 1.449253112077713013e-01
9.105449914932250977e-01 8.945503085851669312e-02
8.973813056945800781e-01 1.026187241077423096e-01
8.944888710975646973e-01 1.055110916495323181e-01
8.616136312484741211e-01 1.383863687515258789e-01
7.859699726104736328e-01 2.140299975872039795e-01
7.225925922393798828e-01 2.774073481559753418e-01
7.143825292587280273e-01 2.856174707412719727e-01
6.162304282188415527e-01 3.837695419788360596e-01
6.004122495651245117e-01 3.995877504348754883e-01
6.480672359466552734e-01 3.519327640533447266e-01
6.349624991416931152e-01 3.650374114513397217e-01
7.789312601089477539e-01 2.210687696933746338e-01
7.648584246635437012e-01 2.351415455341339111e-01
7.405829429626464844e-01 2.594170868396759033e-01
6.979413032531738281e-01 3.020587563514709473e-01
6.820290088653564453e-01 3.179710209369659424e-01
6.905439496040344238e-01 3.094560503959655762e-01
6.661791801452636719e-01 3.338207900524139404e-01
6.225889325141906738e-01 3.774110376834869385e-01
5.625629425048828125e-01 4.374370276927947998e-01
5.372079014778137207e-01 4.627920687198638916e-01
6.648170351982116699e-01 3.351830244064331055e-01
6.567999124526977539e-01 3.432000875473022461e-01
6.576064229011535645e-01 3.423935174942016602e-01
7.049673199653625488e-01 2.950326800346374512e-01
7.499795556068420410e-01 2.500204741954803467e-01
5.090875625610351562e-01 4.909125268459320068e-01
5.963954925537109375e-01 4.036045372486114502e-01
6.200665831565856934e-01 3.799333870410919189e-01
6.846278309822082520e-01 3.153721392154693604e-01
7.333794236183166504e-01 2.666205465793609619e-01
5.994060039520263672e-01 4.005939960479736328e-01
5.962374806404113770e-01 4.037625789642333984e-01
6.422886252403259277e-01 3.577113747596740723e-01
6.419038176536560059e-01 3.580962121486663818e-01
6.164315938949584961e-01 3.835683763027191162e-01
7.400735616683959961e-01 2.599264085292816162e-01
8.607591986656188965e-01 1.392408460378646851e-01
9.006916880607604980e-01 9.930834919214248657e-02
8.693267107009887695e-01 1.306733042001724243e-01
8.488479852676391602e-01 1.511519849300384521e-01
8.330232501029968262e-01 1.669767796993255615e-01
8.576602935791015625e-01 1.423396766185760498e-01
8.894496560096740723e-01 1.105503439903259277e-01
9.136542677879333496e-01 8.634576201438903809e-02
9.377734661102294922e-01 6.222650036215782166e-02
9.466491341590881348e-01 5.335091426968574524e-02
8.804479837417602539e-01 1.195520386099815369e-01
9.033371210098266602e-01 9.666292369365692139e-02
9.048274159431457520e-01 9.517258405685424805e-02
8.652610182762145996e-01 1.347389817237854004e-01
8.937302231788635254e-01 1.062697917222976685e-01
9.293817281723022461e-01 7.061826437711715698e-02
9.059016704559326172e-01 9.409825503826141357e-02
8.620052933692932129e-01 1.379947513341903687e-01
7.993136644363403320e-01 2.006863653659820557e-01
7.177273035049438477e-01 2.822726964950561523e-01
6.368731856346130371e-01 3.631268441677093506e-01
5.879895091056823730e-01 4.120104014873504639e-01
5.922589898109436035e-01 4.077409803867340088e-01
5.819962024688720703e-01 4.180038571357727051e-01
4.779171645641326904e-01 5.220828056335449219e-01
3.810454010963439941e-01 6.189545989036560059e-01
3.523152470588684082e-01 6.476847529411315918e-01
3.363831043243408203e-01 6.636168360710144043e-01
3.461295366287231445e-01 6.538705229759216309e-01
3.598318696022033691e-01 6.401681303977966309e-01
2.671182453632354736e-01 7.328817844390869141e-01
3.247158229351043701e-01 6.752841472625732422e-01
3.324637115001678467e-01 6.675362586975097656e-01
2.816780209541320801e-01 7.183219790458679199e-01
3.478309214115142822e-01 6.521690487861633301e-01
3.223616480827331543e-01 6.776383519172668457e-01
4.073177576065063477e-01 5.926823019981384277e-01
3.727100491523742676e-01 6.272899508476257324e-01
3.814718723297119141e-01 6.185281276702880859e-01
3.351428806781768799e-01 6.648571491241455078e-01
2.367521077394485474e-01 7.632479071617126465e-01
2.125432044267654419e-01 7.874568104743957520e-01
2.165793627500534058e-01 7.834206223487854004e-01
2.428688108921051025e-01 7.571312189102172852e-01
3.740693628787994385e-01 6.259306073188781738e-01
3.538341224193572998e-01 6.461658477783203125e-01
3.140765428543090820e-01 6.859234571456909180e-01
2.928426563739776611e-01 7.071573138236999512e-01
3.379967808723449707e-01 6.620032191276550293e-01
3.747741878032684326e-01 6.252258419990539551e-01
6.088403463363647461e-01 3.911596238613128662e-01
5.601225495338439941e-01 4.398774802684783936e-01
5.980976223945617676e-01 4.019023776054382324e-01
5.879358649253845215e-01 4.120641052722930908e-01
6.565212011337280273e-01 3.434787392616271973e-01
6.442050933837890625e-01 3.557949066162109375e-01
5.852841138839721680e-01 4.147158563137054443e-01
5.306835770606994629e-01 4.693164229393005371e-01
6.557174921035766602e-01 3.442825376987457275e-01
6.179327964782714844e-01 3.820672035217285156e-01
7.881918549537658691e-01 2.118081003427505493e-01
7.695379853248596191e-01 2.304620295763015747e-01
8.120303153991699219e-01 1.879696696996688843e-01
8.736780285835266113e-01 1.263219714164733887e-01
8.473126888275146484e-01 1.526873409748077393e-01
8.318175673484802246e-01 1.681824624538421631e-01
2.154231667518615723e-01 7.845768928527832031e-01
2.265206873416900635e-01 7.734792828559875488e-01
2.483888417482376099e-01 7.516111731529235840e-01
2.265446931123733521e-01 7.734552621841430664e-01
2.344111502170562744e-01 7.655888199806213379e-01
2.572983503341674805e-01 7.427016496658325195e-01
3.539105355739593506e-01 6.460894942283630371e-01
5.720462799072265625e-01 4.279536902904510498e-01
8.205459117889404297e-01 1.794541478157043457e-01
8.257017731666564941e-01 1.742982715368270874e-01
6.137191653251647949e-01 3.862808644771575928e-01
5.660034418106079102e-01 4.339965283870697021e-01
3.955500423908233643e-01 6.044499278068542480e-01
1.905302554368972778e-01 8.094697594642639160e-01
2.953387498855590820e-01 7.046612501144409180e-01
1.248056441545486450e-01 8.751943111419677734e-01
1.767175346612930298e-01 8.232824802398681641e-01
1.245403215289115906e-01 8.754596710205078125e-01
1.259885430335998535e-01 8.740114569664001465e-01
9.255690872669219971e-02 9.074431061744689941e-01
1.493246257305145264e-01 8.506754040718078613e-01
1.377999782562255859e-01 8.622000217437744141e-01
4.204883575439453125e-01 5.795116424560546875e-01
5.351231694221496582e-01 4.648768305778503418e-01
7.789529561996459961e-01 2.210470736026763916e-01
8.364798426628112793e-01 1.635202020406723022e-01
8.424443006515502930e-01 1.575556695461273193e-01
7.810185551643371582e-01 2.189813852310180664e-01
7.709040641784667969e-01 2.290959060192108154e-01
6.474511623382568359e-01 3.525487780570983887e-01
4.709938168525695801e-01 5.290061831474304199e-01
2.415552586317062378e-01 7.584447264671325684e-01
4.807458817958831787e-01 5.192540884017944336e-01
4.370592236518859863e-01 5.629407167434692383e-01
3.620708286762237549e-01 6.379292011260986328e-01
3.324566185474395752e-01 6.675434112548828125e-01
2.748877406120300293e-01 7.251121997833251953e-01
2.567871212959289551e-01 7.432128787040710449e-01
3.310508728027343750e-01 6.689490675926208496e-01
4.278463125228881836e-01 5.721536874771118164e-01
5.621845722198486328e-01 4.378154575824737549e-01
6.227821707725524902e-01 3.772178292274475098e-01
6.808401942253112793e-01 3.191598355770111084e-01
7.746287584304809570e-01 2.253713160753250122e-01
8.017115592956542969e-01 1.982883960008621216e-01
7.864105105400085449e-01 2.135895043611526489e-01
7.796517014503479004e-01 2.203482687473297119e-01
7.812976241111755371e-01 2.187024056911468506e-01
8.178321123123168945e-01 1.821678578853607178e-01
8.266548514366149902e-01 1.733451485633850098e-01
8.489174842834472656e-01 1.510824561119079590e-01
8.634594678878784180e-01 1.365405619144439697e-01
8.669134974479675293e-01 1.330865174531936646e-01
8.460864424705505371e-01 1.539135277271270752e-01
8.484046459197998047e-01 1.515953540802001953e-01
8.441838026046752930e-01 1.558161973953247070e-01
8.754492998123168945e-01 1.245507150888442993e-01
8.895675539970397949e-01 1.104324460029602051e-01
9.001836776733398438e-01 9.981632977724075317e-02
1.145502552390098572e-01 8.854498267173767090e-01
7.572594285011291504e-02 9.242740869522094727e-01
7.557722926139831543e-02 9.244228005409240723e-01
1.165931969881057739e-01 8.834067583084106445e-01
1.483512520790100098e-01 8.516487479209899902e-01
1.136709675192832947e-01 8.863290548324584961e-01
1.327053755521774292e-01 8.672946095466613770e-01
1.564797610044479370e-01 8.435202240943908691e-01
2.398542165756225586e-01 7.601457238197326660e-01
2.715834379196166992e-01 7.284166216850280762e-01
8.847144842147827148e-01 1.152854561805725098e-01
8.191920518875122070e-01 1.808079481124877930e-01
7.295259237289428711e-01 2.704740464687347412e-01
3.250209987163543701e-01 6.749790310859680176e-01
2.480831742286682129e-01 7.519168257713317871e-01
2.750464081764221191e-01 7.249536514282226562e-01
2.792241573333740234e-01 7.207759022712707520e-01
2.655548751354217529e-01 7.344450950622558594e-01
2.330528646707534790e-01 7.669470906257629395e-01
2.554776966571807861e-01 7.445223331451416016e-01
2.597608864307403564e-01 7.402390837669372559e-01
2.963682413101196289e-01 7.036317586898803711e-01
3.626332879066467285e-01 6.373667120933532715e-01
3.460066914558410645e-01 6.539933085441589355e-01
2.634448409080505371e-01 7.365552186965942383e-01
3.336987793445587158e-01 6.663011908531188965e-01
5.497413873672485352e-01 4.502586424350738525e-01
5.898005366325378418e-01 4.101994335651397705e-01
5.881758332252502441e-01 4.118241369724273682e-01
5.835766792297363281e-01 4.164232909679412842e-01
5.424594879150390625e-01 4.575405418872833252e-01
5.633975267410278320e-01 4.366024434566497803e-01
6.399257183074951172e-01 3.600742816925048828e-01
5.771647095680236816e-01 4.228353202342987061e-01
1.507339924573898315e-01 8.492659926414489746e-01
2.100244462490081787e-01 7.899755239486694336e-01
2.011337578296661377e-01 7.988662123680114746e-01
1.698753386735916138e-01 8.301246762275695801e-01
1.145354285836219788e-01 8.854645490646362305e-01
1.765044629573822021e-01 8.234955072402954102e-01
1.325379908084869385e-01 8.674619793891906738e-01
1.627083867788314819e-01 8.372916579246520996e-01
1.948513388633728027e-01 8.051486611366271973e-01
1.124853491783142090e-01 8.875145912170410156e-01
6.267366558313369751e-02 9.373263716697692871e-01
5.926963686943054199e-02 9.407303333282470703e-01
2.176513522863388062e-02 9.782349467277526855e-01
3.092167526483535767e-02 9.690783619880676270e-01
5.211649462580680847e-02 9.478835463523864746e-01
6.418654322624206543e-02 9.358134865760803223e-01
4.360435530543327332e-02 9.563956260681152344e-01
3.115594014525413513e-02 9.688439965248107910e-01
7.238309830427169800e-02 9.276168346405029297e-01
2.683439850807189941e-01 7.316560149192810059e-01
5.708082914352416992e-01 4.291916787624359131e-01
6.070907115936279297e-01 3.929092884063720703e-01
5.851504206657409668e-01 4.148494899272918701e-01
6.615799665451049805e-01 3.384200036525726318e-01
5.590468645095825195e-01 4.409531354904174805e-01
4.543661177158355713e-01 5.456338524818420410e-01
4.205378293991088867e-01 5.794621109962463379e-01
2.692805230617523193e-01 7.307195067405700684e-01
2.823725044727325439e-01 7.176274657249450684e-01
1.812497228384017944e-01 8.187502622604370117e-01
1.887638866901397705e-01 8.112360835075378418e-01
1.098213791847229004e-01 8.901786208152770996e-01
1.371421664953231812e-01 8.628578186035156250e-01
1.919910013675689697e-01 8.080089688301086426e-01
1.462915986776351929e-01 8.537083864212036133e-01
2.565934360027313232e-01 7.434065937995910645e-01
2.562268972396850586e-01 7.437731027603149414e-01
2.061410844326019287e-01 7.938589453697204590e-01
1.806284934282302856e-01 8.193715810775756836e-01
1.436028778553009033e-01 8.563970923423767090e-01
1.403700411319732666e-01 8.596299886703491211e-01
2.090129256248474121e-01 7.909870743751525879e-01
3.005012869834899902e-01 6.994987130165100098e-01
3.168087899684906006e-01 6.831912398338317871e-01
4.624843299388885498e-01 5.375156402587890625e-01
5.278721451759338379e-01 4.721279442310333252e-01
7.077381610870361328e-01 2.922618389129638672e-01
7.996196150779724121e-01 2.003804147243499756e-01
8.412466645240783691e-01 1.587533801794052124e-01
8.520141243934631348e-01 1.479858905076980591e-01
9.273174405097961426e-01 7.268257439136505127e-02
9.295241832733154297e-01 7.047578692436218262e-02
5.005514621734619141e-01 4.994484782218933105e-01
5.243341326713562012e-01 4.756658375263214111e-01
6.443179845809936523e-01 3.556819856166839600e-01
4.954871833324432373e-01 5.045127868652343750e-01
4.074192345142364502e-01 5.925806760787963867e-01
4.664861261844635010e-01 5.335138440132141113e-01
4.780530333518981934e-01 5.219469666481018066e-01
4.573661088943481445e-01 5.426338315010070801e-01
4.527007937431335449e-01 5.472992062568664551e-01
6.044999957084655762e-01 3.955000042915344238e-01
7.545925378799438477e-01 2.454074770212173462e-01
7.332686185836791992e-01 2.667312920093536377e-01
7.143077254295349121e-01 2.856922149658203125e-01
6.047822833061218262e-01 3.952176868915557861e-01
6.241674423217773438e-01 3.758325576782226562e-01
5.909867882728576660e-01 4.090132117271423340e-01
7.769132852554321289e-01 2.230866849422454834e-01
6.511595845222473145e-01 3.488403856754302979e-01
6.477048397064208984e-01 3.522951900959014893e-01
7.501321434974670410e-01 2.498677819967269897e-01
8.049001097679138184e-01 1.950998604297637939e-01
7.759748697280883789e-01 2.240251153707504272e-01
7.173325419425964355e-01 2.826674878597259521e-01
6.663354039192199707e-01 3.336646258831024170e-01
4.664169847965240479e-01 5.335830450057983398e-01
5.407992601394653320e-01 4.592006802558898926e-01
6.977818608283996582e-01 3.022180795669555664e-01
7.403619289398193359e-01 2.596380710601806641e-01
6.582865118980407715e-01 3.417135179042816162e-01
4.920743405818939209e-01 5.079256296157836914e-01
3.851901292800903320e-01 6.148098707199096680e-01
3.969797790050506592e-01 6.030201911926269531e-01
5.234148502349853516e-01 4.765850901603698730e-01
5.304728746414184570e-01 4.695272147655487061e-01
5.338866114616394043e-01 4.661134183406829834e-01
4.739749133586883545e-01 5.260251164436340332e-01
4.056239724159240723e-01 5.943760275840759277e-01
6.344992518424987793e-01 3.655007481575012207e-01
5.708490610122680664e-01 4.291509389877319336e-01
6.220018863677978516e-01 3.779981136322021484e-01
6.895934939384460449e-01 3.104064762592315674e-01
4.692690670490264893e-01 5.307309627532958984e-01
4.306287765502929688e-01 5.693712234497070312e-01
4.443180263042449951e-01 5.556819438934326172e-01
7.847805619239807129e-01 2.152194678783416748e-01
5.386804938316345215e-01 4.613195955753326416e-01
5.750674605369567871e-01 4.249325692653656006e-01
5.843260884284973145e-01 4.156739115715026855e-01
4.922021925449371338e-01 5.077978372573852539e-01
4.233869314193725586e-01 5.766130089759826660e-01
4.479894042015075684e-01 5.520106554031372070e-01
4.234919250011444092e-01 5.765081048011779785e-01
5.665893554687500000e-01 4.334106445312500000e-01
5.505413413047790527e-01 4.494586884975433350e-01
4.951304793357849121e-01 5.048695206642150879e-01
5.105538964271545410e-01 4.894461333751678467e-01
3.661913275718688965e-01 6.338086724281311035e-01
4.304020106792449951e-01 5.695980191230773926e-01
5.276770591735839844e-01 4.723229408264160156e-01
4.572521746158599854e-01 5.427478551864624023e-01
3.479550182819366455e-01 6.520449519157409668e-01
2.314458340406417847e-01 7.685541510581970215e-01
1.874373108148574829e-01 8.125627040863037109e-01
1.829741448163986206e-01 8.170258402824401855e-01
1.714353114366531372e-01 8.285647034645080566e-01
1.798870414495468140e-01 8.201129436492919922e-01
2.027215212583541870e-01 7.972784042358398438e-01
2.146057784557342529e-01 7.853942513465881348e-01
2.281502038240432739e-01 7.718498110771179199e-01
2.369536906480789185e-01 7.630462646484375000e-01
2.732332646846771240e-01 7.267667055130004883e-01
2.118356227874755859e-01 7.881644368171691895e-01
2.114170789718627930e-01 7.885828614234924316e-01
2.300829589366912842e-01 7.699170112609863281e-01
2.703184783458709717e-01 7.296814918518066406e-01
2.681624889373779297e-01 7.318375110626220703e-01
2.634385824203491211e-01 7.365614175796508789e-01
9.027698636054992676e-01 9.723018854856491089e-02
9.023945331573486328e-01 9.760545194149017334e-02
8.535156846046447754e-01 1.464843899011611938e-01
5.283808112144470215e-01 4.716191291809082031e-01
3.459164202213287354e-01 6.540835499763488770e-01
2.765470743179321289e-01 7.234529256820678711e-01
1.578517407178878784e-01 8.421483039855957031e-01
1.195769682526588440e-01 8.804230093955993652e-01
1.166497319936752319e-01 8.833503127098083496e-01
1.209956258535385132e-01 8.790044188499450684e-01
1.282667517662048340e-01 8.717332482337951660e-01
2.099569737911224365e-01 7.900429964065551758e-01
3.256578147411346436e-01 6.743421554565429688e-01
4.423254132270812988e-01 5.576745867729187012e-01
4.632425010204315186e-01 5.367575287818908691e-01
4.268311858177185059e-01 5.731687545776367188e-01
5.305970907211303711e-01 4.694029986858367920e-01
4.691476523876190186e-01 5.308523774147033691e-01
4.603628218173980713e-01 5.396371483802795410e-01
4.781850576400756836e-01 5.218150019645690918e-01
4.321312606334686279e-01 5.678687095642089844e-01
3.487398922443389893e-01 6.512601375579833984e-01
3.865267634391784668e-01 6.134732961654663086e-01
5.292744040489196777e-01 4.707255661487579346e-01
5.136681199073791504e-01 4.863319396972656250e-01
5.793524980545043945e-01 4.206475019454956055e-01
5.732023119926452637e-01 4.267977476119995117e-01
4.252068102359771729e-01 5.747931599617004395e-01
2.938025593757629395e-01 7.061973810195922852e-01
3.229760229587554932e-01 6.770239472389221191e-01
3.014565110206604004e-01 6.985434889793395996e-01
4.191670119762420654e-01 5.808330178260803223e-01
3.679443299770355225e-01 6.320556402206420898e-01
4.364537298679351807e-01 5.635462999343872070e-01
5.571444630622863770e-01 4.428555667400360107e-01
4.957801997661590576e-01 5.042197108268737793e-01
5.510845780372619629e-01 4.489154517650604248e-01
5.370581746101379395e-01 4.629417955875396729e-01
4.425549209117889404e-01 5.574450492858886719e-01
2.734915614128112793e-01 7.265084385871887207e-01
2.498209923505783081e-01 7.501789927482604980e-01
2.551692426204681396e-01 7.448307871818542480e-01
2.655520141124725342e-01 7.344480156898498535e-01
2.419677525758743286e-01 7.580322623252868652e-01
2.668089568614959717e-01 7.331910133361816406e-01
1.899310648441314697e-01 8.100689053535461426e-01
3.599258363246917725e-01 6.400742530822753906e-01
4.489152133464813232e-01 5.510847568511962891e-01
4.707750082015991211e-01 5.292249917984008789e-01
4.620869457721710205e-01 5.379130840301513672e-01
4.363511800765991211e-01 5.636488795280456543e-01
5.078629851341247559e-01 4.921369552612304688e-01
4.204034507274627686e-01 5.795965194702148438e-01
3.739623725414276123e-01 6.260376572608947754e-01
3.092226386070251465e-01 6.907774209976196289e-01
2.161024361848831177e-01 7.838975787162780762e-01
1.684931367635726929e-01 8.315068483352661133e-01
1.555695384740829468e-01 8.444305062294006348e-01
1.066957786679267883e-01 8.933042287826538086e-01
1.024017930030822754e-01 8.975982069969177246e-01
1.112748235464096069e-01 8.887252211570739746e-01
9.338417649269104004e-02 9.066158533096313477e-01
7.724086195230484009e-02 9.227591753005981445e-01
7.750634849071502686e-02 9.224936366081237793e-01
9.721723198890686035e-02 9.027827978134155273e-01
8.288843929767608643e-02 9.171115756034851074e-01
1.788586825132369995e-01 8.211413025856018066e-01
2.719618976116180420e-01 7.280381321907043457e-01
2.823149859905242920e-01 7.176849842071533203e-01
1.521052718162536621e-01 8.478946685791015625e-01
1.146170347929000854e-01 8.853830099105834961e-01
1.165630817413330078e-01 8.834369182586669922e-01
9.297420084476470947e-02 9.070257544517517090e-01
6.873269379138946533e-02 9.312672615051269531e-01
7.312613725662231445e-02 9.268738627433776855e-01
9.200669080018997192e-02 9.079933166503906250e-01
1.226855963468551636e-01 8.773143887519836426e-01
1.386334747076034546e-01 8.613665103912353516e-01
1.779648810625076294e-01 8.220351338386535645e-01
2.353320717811584473e-01 7.646679878234863281e-01
3.409289419651031494e-01 6.590710878372192383e-01
3.937190771102905273e-01 6.062809228897094727e-01
3.936183452606201172e-01 6.063817143440246582e-01
3.715772926807403564e-01 6.284227371215820312e-01
3.589242696762084961e-01 6.410757303237915039e-01
4.158372879028320312e-01 5.841627120971679688e-01
4.828549325466156006e-01 5.171450376510620117e-01
4.806789755821228027e-01 5.193210244178771973e-01
5.394394993782043457e-01 4.605604410171508789e-01
5.833207368850708008e-01 4.166792631149291992e-01
7.117711901664733887e-01 2.882288396358489990e-01
7.476618885993957520e-01 2.523381114006042480e-01
7.590092420578002930e-01 2.409907877445220947e-01
8.111273050308227539e-01 1.888726651668548584e-01
8.097807765007019043e-01 1.902192533016204834e-01
8.534511327743530273e-01 1.465488970279693604e-01
8.481764793395996094e-01 1.518235206604003906e-01
8.324081301689147949e-01 1.675919145345687866e-01
8.626159429550170898e-01 1.373840123414993286e-01
8.243300318717956543e-01 1.756699830293655396e-01
7.731492519378662109e-01 2.268508076667785645e-01
7.012140154838562012e-01 2.987859845161437988e-01
6.091730594635009766e-01 3.908269107341766357e-01
5.643364191055297852e-01 4.356635808944702148e-01
5.231761932373046875e-01 4.768238663673400879e-01
5.407003760337829590e-01 4.592996835708618164e-01
5.130801200866699219e-01 4.869198203086853027e-01
5.630566477775573730e-01 4.369434118270874023e-01
5.367786884307861328e-01 4.632213413715362549e-01
5.226845741271972656e-01 4.773153364658355713e-01
5.127445459365844727e-01 4.872554540634155273e-01
4.707041680812835693e-01 5.292958617210388184e-01
3.985972404479980469e-01 6.014026999473571777e-01
8.629212975502014160e-01 1.370787024497985840e-01
8.617447018623352051e-01 1.382553279399871826e-01
8.213044404983520508e-01 1.786955446004867554e-01
7.530208230018615723e-01 2.469791620969772339e-01
7.561069130897521973e-01 2.438930571079254150e-01
6.037642955780029297e-01 3.962357640266418457e-01
5.399615764617919922e-01 4.600384235382080078e-01
6.032164692878723145e-01 3.967835903167724609e-01
5.884309411048889160e-01 4.115690588951110840e-01
6.865385770797729492e-01 3.134614527225494385e-01
7.028213143348693848e-01 2.971787154674530029e-01
7.282086014747619629e-01 2.717913687229156494e-01
7.470449805259704590e-01 2.529549896717071533e-01
7.339637279510498047e-01 2.660362422466278076e-01
7.570402026176452637e-01 2.429598420858383179e-01
8.113157153129577637e-01 1.886842846870422363e-01
7.799412608146667480e-01 2.200587838888168335e-01
8.115091919898986816e-01 1.884907782077789307e-01
8.246143460273742676e-01 1.753856241703033447e-01
8.150817751884460449e-01 1.849182099103927612e-01
8.251279592514038086e-01 1.748720854520797729e-01
6.126087903976440430e-01 3.873911499977111816e-01
5.248683691024780273e-01 4.751316010951995850e-01
4.640197455883026123e-01 5.359802842140197754e-01
4.449801146984100342e-01 5.550199151039123535e-01
3.222610056400299072e-01 6.777390241622924805e-01
2.808943986892700195e-01 7.191055417060852051e-01
3.082495331764221191e-01 6.917504668235778809e-01
3.078567981719970703e-01 6.921432018280029297e-01
3.773644864559173584e-01 6.226355433464050293e-01
4.466698765754699707e-01 5.533301234245300293e-01
4.758630692958831787e-01 5.241369009017944336e-01
4.920776188373565674e-01 5.079224109649658203e-01
5.695130825042724609e-01 4.304869174957275391e-01
6.637804508209228516e-01 3.362194895744323730e-01
5.596780776977539062e-01 4.403219819068908691e-01
6.945534348487854004e-01 3.054465949535369873e-01
5.961901545524597168e-01 4.038097858428955078e-01
6.074658632278442383e-01 3.925341367721557617e-01
6.966806054115295410e-01 3.033193647861480713e-01
5.914253592491149902e-01 4.085747003555297852e-01
5.696979165077209473e-01 4.303020536899566650e-01
6.819646358489990234e-01 3.180354535579681396e-01
6.878842711448669434e-01 3.121156692504882812e-01
6.664059758186340332e-01 3.335939943790435791e-01
6.575170755386352539e-01 3.424829244613647461e-01
5.385821461677551270e-01 4.614177644252777100e-01
4.657205045223236084e-01 5.342795848846435547e-01
5.379082560539245605e-01 4.620917737483978271e-01
1.175026446580886841e-01 8.824973702430725098e-01
1.315220147371292114e-01 8.684780001640319824e-01
9.015508741140365601e-02 9.098448753356933594e-01
4.597366973757743835e-02 9.540262818336486816e-01
1.909643411636352539e-02 9.809035658836364746e-01
2.411649748682975769e-02 9.758835434913635254e-01
2.553114481270313263e-02 9.744688868522644043e-01
3.569930493831634521e-01 6.430069208145141602e-01
3.690260946750640869e-01 6.309739351272583008e-01
3.824151158332824707e-01 6.175849437713623047e-01
3.347633779048919678e-01 6.652365922927856445e-01
3.827185630798339844e-01 6.172814369201660156e-01
4.009762108325958252e-01 5.990237593650817871e-01
4.161798954010009766e-01 5.838201045989990234e-01
3.309531211853027344e-01 6.690468788146972656e-01
3.690867125988006592e-01 6.309133172035217285e-01
3.478524982929229736e-01 6.521475911140441895e-01
3.604007661342620850e-01 6.395992636680603027e-01
3.852596879005432129e-01 6.147403120994567871e-01
3.722562193870544434e-01 6.277437806129455566e-01
3.502502739429473877e-01 6.497496962547302246e-01
2.839562594890594482e-01 7.160437703132629395e-01
2.414038926362991333e-01 7.585961222648620605e-01
2.750477492809295654e-01 7.249522209167480469e-01
3.646994531154632568e-01 6.353004574775695801e-01
3.688903450965881348e-01 6.311095952987670898e-01
4.326935410499572754e-01 5.673065185546875000e-01
5.228327512741088867e-01 4.771673083305358887e-01
5.780993103981018066e-01 4.219007492065429688e-01
5.559308528900146484e-01 4.440691471099853516e-01
4.876310825347900391e-01 5.123689174652099609e-01
5.281535983085632324e-01 4.718463122844696045e-01
3.331320285797119141e-01 6.668680310249328613e-01
4.163269698619842529e-01 5.836730599403381348e-01
6.294939517974853516e-01 3.705060482025146484e-01
4.274361133575439453e-01 5.725638866424560547e-01
4.273542165756225586e-01 5.726457238197326660e-01
4.480689167976379395e-01 5.519311428070068359e-01
4.875208437442779541e-01 5.124791264533996582e-01
5.147436857223510742e-01 4.852563142776489258e-01
4.534070193767547607e-01 5.465930104255676270e-01
4.110338687896728516e-01 5.889661312103271484e-01
3.769282996654510498e-01 6.230717301368713379e-01
3.592896461486816406e-01 6.407103538513183594e-01
2.365212589502334595e-01 7.634787559509277344e-01
2.863051593303680420e-01 7.136948704719543457e-01
3.590897917747497559e-01 6.409102082252502441e-01
4.421314001083374023e-01 5.578685402870178223e-01
4.245808720588684082e-01 5.754191875457763672e-01
5.269351005554199219e-01 4.730648398399353027e-01
5.221664905548095703e-01 4.778334796428680420e-01
6.150422692298889160e-01 3.849577307701110840e-01
5.659931898117065430e-01 4.340067505836486816e-01
4.884738624095916748e-01 5.115261673927307129e-01
6.388924121856689453e-01 3.611076176166534424e-01
8.827337026596069336e-01 1.172662153840065002e-01
8.791037797927856445e-01 1.208962276577949524e-01
8.525891900062561035e-01 1.474108397960662842e-01
8.896440863609313965e-01 1.103559434413909912e-01
8.728279471397399902e-01 1.271720230579376221e-01
8.824743628501892090e-01 1.175256147980690002e-01
8.678823709487915039e-01 1.321176439523696899e-01
7.420774102210998535e-01 2.579225599765777588e-01
6.712896227836608887e-01 3.287103474140167236e-01
5.701779723167419434e-01 4.298219680786132812e-01
1.903040707111358643e-01 8.096959590911865234e-01
1.196294799447059631e-01 8.803705573081970215e-01
1.529930531978607178e-01 8.470069766044616699e-01
1.655180156230926514e-01 8.344819545745849609e-01
2.835372984409332275e-01 7.164626717567443848e-01
4.804112017154693604e-01 5.195887684822082520e-01
6.243979334831237793e-01 3.756020963191986084e-01
9.244267344474792480e-01 7.557326555252075195e-02
9.770109057426452637e-01 2.298905141651630402e-02
9.829983115196228027e-01 1.700162142515182495e-02
9.807811975479125977e-01 1.921881176531314850e-02
9.867795705795288086e-01 1.322048250585794449e-02
9.724892973899841309e-01 2.751073241233825684e-02
9.541548490524291992e-01 4.584509506821632385e-02
9.582335948944091797e-01 4.176639765501022339e-02
9.039513468742370605e-01 9.604863077402114868e-02
8.690866827964782715e-01 1.309133023023605347e-01
8.129506111145019531e-01 1.870494335889816284e-01
7.769496440887451172e-01 2.230503261089324951e-01
7.634393572807312012e-01 2.365606576204299927e-01
6.862697005271911621e-01 3.137303590774536133e-01
7.142485380172729492e-01 2.857513725757598877e-01
6.975657939910888672e-01 3.024342656135559082e-01
7.705631256103515625e-01 2.294369339942932129e-01
7.201971411705017090e-01 2.798028290271759033e-01
5.896582603454589844e-01 4.103417694568634033e-01
4.818846583366394043e-01 5.181153416633605957e-01
4.360368549823760986e-01 5.639630556106567383e-01
3.929319679737091064e-01 6.070680022239685059e-01
3.157431781291961670e-01 6.842567920684814453e-01
5.454609990119934082e-01 4.545390009880065918e-01
5.532057285308837891e-01 4.467942416667938232e-01
6.181701421737670898e-01 3.818299472332000732e-01
3.906759321689605713e-01 6.093241572380065918e-01
2.242059260606765747e-01 7.757940888404846191e-01
1.082042083144187927e-01 8.917958140373229980e-01
8.059199154376983643e-02 9.194080233573913574e-01
4.962791129946708679e-02 9.503720402717590332e-01
6.383279711008071899e-02 9.361672401428222656e-01
7.469350099563598633e-02 9.253065586090087891e-01
7.334569841623306274e-02 9.266542196273803711e-01
1.324171572923660278e-01 8.675827980041503906e-01
1.794262230396270752e-01 8.205737471580505371e-01
2.788781225681304932e-01 7.211219072341918945e-01
2.682679295539855957e-01 7.317320108413696289e-01
3.033065795898437500e-01 6.966934204101562500e-01
3.141184449195861816e-01 6.858815550804138184e-01
3.765565156936645508e-01 6.234434843063354492e-01
4.367248713970184326e-01 5.632750988006591797e-01
5.479964613914489746e-01 4.520035684108734131e-01
3.680523037910461426e-01 6.319476962089538574e-01
2.792757749557495117e-01 7.207242250442504883e-01
3.322550058364868164e-01 6.677449941635131836e-01
5.142651200294494629e-01 4.857349395751953125e-01
4.815317392349243164e-01 5.184682011604309082e-01
4.232905209064483643e-01 5.767095088958740234e-01
3.932828009128570557e-01 6.067172288894653320e-01
4.765863120555877686e-01 5.234136581420898438e-01
4.716759920120239258e-01 5.283240079879760742e-01
5.880802273750305176e-01 4.119198024272918701e-01
5.396842360496520996e-01 4.603157937526702881e-01
5.605339407920837402e-01 4.394660294055938721e-01
5.724006891250610352e-01 4.275993108749389648e-01
6.275588274002075195e-01 3.724411427974700928e-01
6.144088506698608398e-01 3.855911791324615479e-01
6.702517867088317871e-01 3.297482132911682129e-01
6.744875907897949219e-01 3.255124390125274658e-01
4.608654081821441650e-01 5.391346216201782227e-01
3.985788226127624512e-01 6.014212369918823242e-01
5.875658988952636719e-01 4.124341607093811035e-01
6.628088355064392090e-01 3.371911942958831787e-01
7.219802141189575195e-01 2.780197858810424805e-01
6.415016651153564453e-01 3.584983348846435547e-01
3.982454538345336914e-01 6.017545461654663086e-01
5.204088687896728516e-01 4.795911610126495361e-01
5.035012364387512207e-01 4.964987337589263916e-01
3.039036989212036133e-01 6.960963010787963867e-01
4.725428819656372070e-01 5.274571776390075684e-01
5.453888177871704102e-01 4.546111822128295898e-01
5.944147109985351562e-01 4.055852890014648438e-01
4.750872254371643066e-01 5.249127149581909180e-01
5.429008007049560547e-01 4.570991694927215576e-01
5.174583792686462402e-01 4.825415611267089844e-01
3.198061585426330566e-01 6.801939010620117188e-01
2.068470716476440430e-01 7.931529283523559570e-01
1.595535874366760254e-01 8.404464125633239746e-01
1.495680809020996094e-01 8.504319190979003906e-01
2.020789384841918945e-01 7.979210615158081055e-01
1.465498656034469604e-01 8.534501194953918457e-01
2.268942594528198242e-01 7.731056809425354004e-01
2.660208344459533691e-01 7.339791655540466309e-01
3.173980116844177246e-01 6.826019287109375000e-01
2.723774909973144531e-01 7.276224493980407715e-01
1.704013943672180176e-01 8.295986056327819824e-01
1.683038324117660522e-01 8.316961526870727539e-01
2.220029681921005249e-01 7.779970169067382812e-01
2.900438904762268066e-01 7.099560499191284180e-01
2.862464189529418945e-01 7.137536406517028809e-01
2.944749295711517334e-01 7.055250406265258789e-01
2.373632490634918213e-01 7.626367807388305664e-01
4.415629804134368896e-01 5.584370493888854980e-01
3.784674406051635742e-01 6.215324997901916504e-01
1.137247905135154724e-01 8.862751722335815430e-01
2.087824791669845581e-01 7.912175059318542480e-01
1.894879639148712158e-01 8.105120062828063965e-01
2.171741127967834473e-01 7.828258872032165527e-01
3.879072666168212891e-01 6.120927929878234863e-01
4.284939467906951904e-01 5.715060234069824219e-01
4.962161481380462646e-01 5.037838220596313477e-01
4.894924759864807129e-01 5.105074644088745117e-01
5.282213091850280762e-01 4.717786610126495361e-01
5.240436792373657227e-01 4.759562909603118896e-01
5.177856087684631348e-01 4.822144210338592529e-01
3.932337760925292969e-01 6.067662239074707031e-01
4.184696674346923828e-01 5.815303325653076172e-01
4.236720800399780273e-01 5.763279795646667480e-01
5.279033184051513672e-01 4.720966815948486328e-01
5.850334167480468750e-01 4.149665832519531250e-01
5.101098418235778809e-01 4.898902475833892822e-01
3.867819905281066895e-01 6.132180094718933105e-01
3.583533763885498047e-01 6.416466236114501953e-01
3.277877569198608398e-01 6.722122430801391602e-01
5.738805532455444336e-01 4.261194765567779541e-01
5.627890825271606445e-01 4.372109174728393555e-01
5.663271546363830566e-01 4.336727857589721680e-01
7.018620967864990234e-01 2.981379330158233643e-01
6.020073890686035156e-01 3.979926407337188721e-01
5.616685152053833008e-01 4.383315145969390869e-01
5.057709813117980957e-01 4.942290484905242920e-01
4.064019620418548584e-01 5.935980677604675293e-01
3.219712972640991211e-01 6.780287027359008789e-01
3.343233466148376465e-01 6.656766533851623535e-01
4.100338816642761230e-01 5.899661183357238770e-01
4.651150405406951904e-01 5.348849296569824219e-01
3.954964876174926758e-01 6.045035123825073242e-01
8.307239413261413574e-01 1.692760288715362549e-01
8.530893325805664062e-01 1.469106525182723999e-01
9.093399047851562500e-01 9.066003561019897461e-02
9.067519307136535645e-01 9.324805438518524170e-02
7.688806056976318359e-01 2.311194390058517456e-01
7.035220861434936523e-01 2.964779138565063477e-01
6.482431888580322266e-01 3.517567813396453857e-01
7.262638807296752930e-01 2.737360596656799316e-01
7.745928764343261719e-01 2.254071086645126343e-01
8.225299715995788574e-01 1.774699985980987549e-01
7.378423213958740234e-01 2.621577084064483643e-01
7.397663593292236328e-01 2.602336704730987549e-01
7.303253412246704102e-01 2.696746885776519775e-01
7.171561121940612793e-01 2.828438580036163330e-01
7.204291224479675293e-01 2.795708775520324707e-01
6.781510710716247559e-01 3.218488991260528564e-01
6.754550337791442871e-01 3.245449066162109375e-01
6.559408903121948242e-01 3.440590798854827881e-01
4.707289636135101318e-01 5.292710065841674805e-01
5.741044878959655762e-01 4.258954823017120361e-01
5.321105122566223145e-01 4.678894579410552979e-01
4.582837522029876709e-01 5.417162179946899414e-01
4.011806845664978027e-01 5.988193154335021973e-01
4.781032502651214600e-01 5.218967795372009277e-01
6.592493653297424316e-01 3.407506346702575684e-01
6.611223220825195312e-01 3.388777077198028564e-01
6.910489797592163086e-01 3.089510500431060791e-01
6.776504516601562500e-01 3.223495185375213623e-01
6.981393098831176758e-01 3.018606901168823242e-01
7.223379015922546387e-01 2.776621580123901367e-01
6.637293100357055664e-01 3.362706899642944336e-01
7.865624427795410156e-01 2.134376317262649536e-01
7.828319668769836426e-01 2.171680033206939697e-01
7.118459939956665039e-01 2.881540656089782715e-01
6.012433171272277832e-01 3.987567424774169922e-01
6.437333822250366211e-01 3.562666773796081543e-01
5.885903239250183105e-01 4.114097058773040771e-01
9.472917914390563965e-01 5.270816385746002197e-02
8.529552221298217773e-01 1.470447778701782227e-01
8.597623705863952637e-01 1.402376145124435425e-01
9.176588058471679688e-01 8.234120160341262817e-02
8.975700736045837402e-01 1.024299860000610352e-01
8.105848431587219238e-01 1.894151419401168823e-01
7.604828476905822754e-01 2.395171672105789185e-01
6.707785725593566895e-01 3.292213678359985352e-01
7.287893891334533691e-01 2.712106108665466309e-01
9.280120134353637695e-01 7.198794931173324585e-02
9.056938290596008301e-01 9.430611133575439453e-02
8.029108047485351562e-01 1.970891654491424561e-01
7.885157465934753418e-01 2.114842832088470459e-01
8.026244044303894043e-01 1.973756253719329834e-01
8.034397959709167480e-01 1.965602338314056396e-01
8.847055435180664062e-01 1.152944266796112061e-01
8.770506381988525391e-01 1.229493692517280579e-01
8.944802880287170410e-01 1.055197343230247498e-01
9.139225482940673828e-01 8.607747405767440796e-02
9.521974325180053711e-01 4.780251160264015198e-02
9.457647800445556641e-01 5.423530191183090210e-02
9.187463521957397461e-01 8.125364780426025391e-02
9.161211252212524414e-01 8.387888222932815552e-02
7.738892436027526855e-01 2.261107563972473145e-01
5.292417407035827637e-01 4.707582294940948486e-01
6.229838728904724121e-01 3.770161271095275879e-01
4.898143708705902100e-01 5.101856589317321777e-01
4.634566307067871094e-01 5.365433096885681152e-01
4.412148296833038330e-01 5.587851405143737793e-01
4.135724902153015137e-01 5.864274501800537109e-01
4.765525460243225098e-01 5.234473943710327148e-01
4.157808721065521240e-01 5.842190980911254883e-01
5.532683730125427246e-01 4.467316269874572754e-01
5.340850353240966797e-01 4.659149646759033203e-01
5.032444000244140625e-01 4.967555403709411621e-01
3.301731646060943604e-01 6.698268055915832520e-01
2.838174998760223389e-01 7.161824703216552734e-01
2.261213958263397217e-01 7.738785743713378906e-01
3.123371601104736328e-01 6.876627802848815918e-01
3.597052991390228271e-01 6.402947306632995605e-01
3.527064323425292969e-01 6.472936272621154785e-01
5.324939489364624023e-01 4.675061106681823730e-01
4.143134951591491699e-01 5.856864452362060547e-01
4.224554300308227539e-01 5.775445103645324707e-01
4.742341041564941406e-01 5.257659554481506348e-01
4.808012843132019043e-01 5.191987752914428711e-01
4.619303345680236816e-01 5.380697250366210938e-01
5.106375813484191895e-01 4.893624186515808105e-01
5.614686012268066406e-01 4.385314285755157471e-01
4.506569206714630127e-01 5.493431091308593750e-01
4.821053445339202881e-01 5.178945660591125488e-01
4.197400808334350586e-01 5.802598595619201660e-01
3.875300884246826172e-01 6.124699115753173828e-01
3.706389963626861572e-01 6.293609738349914551e-01
3.722691237926483154e-01 6.277309060096740723e-01
5.035060048103332520e-01 4.964940845966339111e-01
4.961308240890502930e-01 5.038691759109497070e-01
5.342335700988769531e-01 4.657664299011230469e-01
5.464803576469421387e-01 4.535196423530578613e-01
5.007866621017456055e-01 4.992133975028991699e-01
3.977360129356384277e-01 6.022640466690063477e-01
3.350336253643035889e-01 6.649663448333740234e-01
7.210545241832733154e-02 9.278945326805114746e-01
8.839345723390579224e-02 9.116065502166748047e-01
1.090988516807556152e-01 8.909012079238891602e-01
1.384592652320861816e-01 8.615406751632690430e-01
1.582804769277572632e-01 8.417195081710815430e-01
2.298650741577148438e-01 7.701349854469299316e-01
2.915382087230682373e-01 7.084618210792541504e-01
3.836651742458343506e-01 6.163348555564880371e-01
5.197919011116027832e-01 4.802080094814300537e-01
5.124695897102355957e-01 4.875303804874420166e-01
5.919117927551269531e-01 4.080882072448730469e-01
6.863542795181274414e-01 3.136457204818725586e-01
7.869603037834167480e-01 2.130397260189056396e-01
7.843669056892395020e-01 2.156330645084381104e-01
7.860022783279418945e-01 2.139977216720581055e-01
7.328299880027770996e-01 2.671700119972229004e-01
6.390222907066345215e-01 3.609777390956878662e-01
5.076301097869873047e-01 4.923698604106903076e-01
4.372346401214599609e-01 5.627653598785400391e-01
3.547822535037994385e-01 6.452177166938781738e-01
3.287444114685058594e-01 6.712555885314941406e-01
3.537018001079559326e-01 6.462981700897216797e-01
3.667149245738983154e-01 6.332850456237792969e-01
3.427206873893737793e-01 6.572793126106262207e-01
7.333686947822570801e-01 2.666312754154205322e-01
6.129332184791564941e-01 3.870667219161987305e-01
6.060825586318969727e-01 3.939175009727478027e-01
4.942823946475982666e-01 5.057176947593688965e-01
4.135689735412597656e-01 5.864310860633850098e-01
3.975872397422790527e-01 6.024127602577209473e-01
3.362801969051361084e-01 6.637198328971862793e-01
3.108046352863311768e-01 6.891953349113464355e-01
3.428675830364227295e-01 6.571323871612548828e-01
2.629124522209167480e-01 7.370874881744384766e-01
2.091451436281204224e-01 7.908548116683959961e-01
1.840288788080215454e-01 8.159711956977844238e-01
2.217037826776504517e-01 7.782961726188659668e-01
2.165236473083496094e-01 7.834764122962951660e-01
1.976804733276367188e-01 8.023195862770080566e-01
1.781660467386245728e-01 8.218339681625366211e-01
1.341784596443176270e-01 8.658215403556823730e-01
1.367038786411285400e-01 8.632961511611938477e-01
1.335501670837402344e-01 8.664497733116149902e-01
1.448917984962463379e-01 8.551082015037536621e-01
1.585285514593124390e-01 8.414714932441711426e-01
1.216327995061874390e-01 8.783671855926513672e-01
1.385172903537750244e-01 8.614827394485473633e-01
1.543624848127365112e-01 8.456375598907470703e-01
1.498699188232421875e-01 8.501300215721130371e-01
1.544194817543029785e-01 8.455805182456970215e-01
1.473687440156936646e-01 8.526312112808227539e-01
1.905711889266967773e-01 8.094288110733032227e-01
1.940005421638488770e-01 8.059994578361511230e-01
1.749148368835449219e-01 8.250851631164550781e-01
1.772165894508361816e-01 8.227834701538085938e-01
1.732397824525833130e-01 8.267601728439331055e-01
1.806189566850662231e-01 8.193809986114501953e-01
1.302418857812881470e-01 8.697580695152282715e-01
1.399223357439041138e-01 8.600777387619018555e-01
1.424784362316131592e-01 8.575215935707092285e-01
1.050067767500877380e-01 8.949932456016540527e-01
1.457006931304931641e-01 8.542993664741516113e-01
1.484899222850799561e-01 8.515100479125976562e-01
1.481876224279403687e-01 8.518123626708984375e-01
1.243132948875427246e-01 8.756867647171020508e-01
1.108023002743721008e-01 8.891976475715637207e-01
1.134873330593109131e-01 8.865126371383666992e-01
1.103293672204017639e-01 8.896706104278564453e-01
1.057653799653053284e-01 8.942345976829528809e-01
1.138016656041145325e-01 8.861983418464660645e-01
1.096974685788154602e-01 8.903025984764099121e-01
1.073798611760139465e-01 8.926202058792114258e-01
1.127145439386367798e-01 8.872854709625244141e-01
1.141061484813690186e-01 8.858938813209533691e-01
1.130876317620277405e-01 8.869124054908752441e-01
1.148882731795310974e-01 8.851118087768554688e-01
1.168626695871353149e-01 8.831373453140258789e-01
1.166026070713996887e-01 8.833973407745361328e-01
1.415163874626159668e-01 8.584836125373840332e-01
1.446816772222518921e-01 8.553183078765869141e-01
1.497119665145874023e-01 8.502880930900573730e-01
1.853663474321365356e-01 8.146336674690246582e-01
1.572124511003494263e-01 8.427875041961669922e-01
1.587856411933898926e-01 8.412143588066101074e-01
1.516824513673782349e-01 8.483175039291381836e-01
1.875402927398681641e-01 8.124597668647766113e-01
1.889230161905288696e-01 8.110769391059875488e-01
1.925117522478103638e-01 8.074882626533508301e-01
1.400202810764312744e-01 8.599797487258911133e-01
1.158896163105964661e-01 8.841103911399841309e-01
1.188896745443344116e-01 8.811103105545043945e-01
1.231771409511566162e-01 8.768228292465209961e-01
1.300759166479110718e-01 8.699240684509277344e-01
1.757127195596694946e-01 8.242872357368469238e-01
1.546028852462768555e-01 8.453970551490783691e-01
2.027449160814285278e-01 7.972550988197326660e-01
2.689169347286224365e-01 7.310830950736999512e-01
2.931147515773773193e-01 7.068852782249450684e-01
2.728625237941741943e-01 7.271375060081481934e-01
2.934384942054748535e-01 7.065614461898803711e-01
3.583934903144836426e-01 6.416064500808715820e-01
3.427211940288543701e-01 6.572788357734680176e-01
3.617359697818756104e-01 6.382641196250915527e-01
2.904252409934997559e-01 7.095747590065002441e-01
1.153019964694976807e-01 8.846979737281799316e-01
9.456816315650939941e-02 9.054318666458129883e-01
1.330940723419189453e-01 8.669059276580810547e-01
1.350510269403457642e-01 8.649489283561706543e-01
8.027429133653640747e-02 9.197257757186889648e-01
1.125822290778160095e-01 8.874177932739257812e-01
6.686996668577194214e-02 9.331300854682922363e-01
8.403405547142028809e-02 9.159659147262573242e-01
7.778488844633102417e-02 9.222151041030883789e-01
5.935500934720039368e-02 9.406449794769287109e-01
9.935837239027023315e-02 9.006415605545043945e-01
1.069422513246536255e-01 8.930578231811523438e-01
1.139481812715530396e-01 8.860518336296081543e-01
1.064335480332374573e-01 8.935664296150207520e-01
1.123523712158203125e-01 8.876475691795349121e-01
1.240150332450866699e-01 8.759849667549133301e-01
1.299623548984527588e-01 8.700376152992248535e-01
1.013466045260429382e-01 8.986534476280212402e-01
1.036540493369102478e-01 8.963459730148315430e-01
1.236504763364791870e-01 8.763495683670043945e-01
1.127110198140144348e-01 8.872889280319213867e-01
1.536445021629333496e-01 8.463554382324218750e-01
1.143408045172691345e-01 8.856592178344726562e-01
9.944932162761688232e-02 9.005506634712219238e-01
1.105737239122390747e-01 8.894262909889221191e-01
1.436300724744796753e-01 8.563698530197143555e-01
1.820858865976333618e-01 8.179141283035278320e-01
1.882559806108474731e-01 8.117439746856689453e-01
2.306849211454391479e-01 7.693150043487548828e-01
3.398299813270568848e-01 6.601700186729431152e-01
2.742336690425872803e-01 7.257663607597351074e-01
3.331516981124877930e-01 6.668483614921569824e-01
5.094957947731018066e-01 4.905042052268981934e-01
5.193118453025817871e-01 4.806881248950958252e-01
6.590510010719299316e-01 3.409489691257476807e-01
6.798284053802490234e-01 3.201715648174285889e-01
6.721309423446655273e-01 3.278690874576568604e-01
6.874435544013977051e-01 3.125564455986022949e-01
7.432081103324890137e-01 2.567918300628662109e-01
7.804812788963317871e-01 2.195187509059906006e-01
8.468727469444274902e-01 1.531272232532501221e-01
8.762784004211425781e-01 1.237215325236320496e-01
9.131801724433898926e-01 8.681981265544891357e-02
9.457085728645324707e-01 5.429139360785484314e-02
9.439274668693542480e-01 5.607248470187187195e-02
9.429783225059509277e-01 5.702170357108116150e-02
9.395855069160461426e-01 6.041453778743743896e-02
9.224980473518371582e-01 7.750197499990463257e-02
9.133284091949462891e-01 8.667159825563430786e-02
9.118059277534484863e-01 8.819404244422912598e-02
8.752235174179077148e-01 1.247765123844146729e-01
8.390183448791503906e-01 1.609815955162048340e-01
7.801343798637390137e-01 2.198655903339385986e-01
7.132166028022766113e-01 2.867834270000457764e-01
5.924170613288879395e-01 4.075829088687896729e-01
4.908410906791687012e-01 5.091589093208312988e-01
4.287761747837066650e-01 5.712237954139709473e-01
3.997880518436431885e-01 6.002119779586791992e-01
4.239797890186309814e-01 5.760201811790466309e-01
3.026013076305389404e-01 6.973987221717834473e-01
2.678494751453399658e-01 7.321504950523376465e-01
4.309205114841461182e-01 5.690794587135314941e-01
7.355209589004516602e-01 2.644790410995483398e-01
4.756946861743927002e-01 5.243052840232849121e-01
3.646217882633209229e-01 6.353782415390014648e-01
3.311108946800231934e-01 6.688890457153320312e-01
2.822948694229125977e-01 7.177051305770874023e-01
3.251393735408782959e-01 6.748605966567993164e-01
2.849853336811065674e-01 7.150146961212158203e-01
3.279638290405273438e-01 6.720361709594726562e-01
4.043564796447753906e-01 5.956435799598693848e-01
4.056236147880554199e-01 5.943763256072998047e-01
4.852690696716308594e-01 5.147308707237243652e-01
4.964541494846343994e-01 5.035458803176879883e-01
4.993785023689270020e-01 5.006214380264282227e-01
5.259078741073608398e-01 4.740921854972839355e-01
4.608175754547119141e-01 5.391824245452880859e-01
3.552371263504028320e-01 6.447629332542419434e-01
3.266529738903045654e-01 6.733469963073730469e-01
3.327970206737518311e-01 6.672029495239257812e-01
3.454515337944030762e-01 6.545484662055969238e-01
4.050191640853881836e-01 5.949808359146118164e-01
3.808487951755523682e-01 6.191512346267700195e-01
7.137628793716430664e-01 2.862370908260345459e-01
5.920305848121643066e-01 4.079694151878356934e-01
5.860800147056579590e-01 4.139199256896972656e-01
1.642700284719467163e-01 8.357300162315368652e-01
1.938593238592147827e-01 8.061406612396240234e-01
2.174116373062133789e-01 7.825883030891418457e-01
3.220183849334716797e-01 6.779816746711730957e-01
4.097889065742492676e-01 5.902110934257507324e-01
3.977372944355010986e-01 6.022626757621765137e-01
2.714571356773376465e-01 7.285428643226623535e-01
2.220333218574523926e-01 7.779666781425476074e-01
2.396542280912399292e-01 7.603458166122436523e-01
2.322827428579330444e-01 7.677172422409057617e-01
2.835695743560791016e-01 7.164304256439208984e-01
3.818007707595825195e-01 6.181992292404174805e-01
4.205527901649475098e-01 5.794471502304077148e-01
3.851968646049499512e-01 6.148031353950500488e-01
4.797838330268859863e-01 5.202162265777587891e-01
5.093232989311218262e-01 4.906766414642333984e-01
4.789480566978454590e-01 5.210518836975097656e-01
5.410019755363464355e-01 4.589979946613311768e-01
5.007867217063903809e-01 4.992132484912872314e-01
4.266932010650634766e-01 5.733067989349365234e-01
4.269423782825469971e-01 5.730576515197753906e-01
5.044630169868469238e-01 4.955369830131530762e-01
5.687921643257141113e-01 4.312078356742858887e-01
6.030741930007934570e-01 3.969258368015289307e-01
6.967640519142150879e-01 3.032359480857849121e-01
6.874355077743530273e-01 3.125644326210021973e-01
7.069218158721923828e-01 2.930781841278076172e-01
8.274713158607482910e-01 1.725286692380905151e-01
7.328448295593261719e-01 2.671551406383514404e-01
7.902745604515075684e-01 2.097254544496536255e-01
7.384687066078186035e-01 2.615312933921813965e-01
7.041279077529907227e-01 2.958720922470092773e-01
7.650022506713867188e-01 2.349976748228073120e-01
7.864624261856079102e-01 2.135375440120697021e-01
8.146926164627075195e-01 1.853074133396148682e-01
8.326105475425720215e-01 1.673894077539443970e-01
8.438313007354736328e-01 1.561686545610427856e-01
8.970599770545959473e-01 1.029400080442428589e-01
8.970346450805664062e-01 1.029653549194335938e-01
8.985363841056823730e-01 1.014636233448982239e-01
8.811764121055603027e-01 1.188236027956008911e-01
9.136869311332702637e-01 8.631309866905212402e-02
9.039496779441833496e-01 9.605026245117187500e-02
8.654466271400451660e-01 1.345533579587936401e-01
7.894167900085449219e-01 2.105832099914550781e-01
7.787792086601257324e-01 2.212208062410354614e-01
8.182554244995117188e-01 1.817446053028106689e-01
8.289389014244079590e-01 1.710611283779144287e-01
8.617560863494873047e-01 1.382439434528350830e-01
8.324492573738098145e-01 1.675507724285125732e-01
6.098712086677551270e-01 3.901288211345672607e-01
5.479420423507690430e-01 4.520579576492309570e-01
4.525457620620727539e-01 5.474542975425720215e-01
3.192297816276550293e-01 6.807702183723449707e-01
3.933090567588806152e-01 6.066909432411193848e-01
3.891482353210449219e-01 6.108517050743103027e-01
3.598019480705261230e-01 6.401980519294738770e-01
4.608684778213500977e-01 5.391315817832946777e-01
5.733903646469116211e-01 4.266096055507659912e-01
4.373621642589569092e-01 5.626378059387207031e-01
3.222089111804962158e-01 6.777910590171813965e-01
4.850373864173889160e-01 5.149626135826110840e-01
4.406037926673889160e-01 5.593962073326110840e-01
3.991686701774597168e-01 6.008312702178955078e-01
5.857954025268554688e-01 4.142045378684997559e-01
4.809375107288360596e-01 5.190625190734863281e-01
2.669019401073455811e-01 7.330980896949768066e-01
3.840595483779907227e-01 6.159405112266540527e-01
2.091315537691116333e-01 7.908684611320495605e-01
2.777203917503356934e-01 7.222796082496643066e-01
1.718968749046325684e-01 8.281030654907226562e-01
1.724516898393630981e-01 8.275483250617980957e-01
2.638358473777770996e-01 7.361641526222229004e-01
2.096305340528488159e-01 7.903694510459899902e-01
2.840619683265686035e-01 7.159380316734313965e-01
2.741886079311370850e-01 7.258113026618957520e-01
2.885953485965728760e-01 7.114046812057495117e-01
7.291992306709289551e-01 2.708007991313934326e-01
6.676296591758728027e-01 3.323703110218048096e-01
7.994303107261657715e-01 2.005696594715118408e-01
9.279038310050964355e-01 7.209619134664535522e-02
9.454331398010253906e-01 5.456684157252311707e-02
9.406115412712097168e-01 5.938843637704849243e-02
9.008852839469909668e-01 9.911472350358963013e-02
7.109019160270690918e-01 2.890980839729309082e-01
6.298497319221496582e-01 3.701502978801727295e-01
6.320329308509826660e-01 3.679670393466949463e-01
6.390478014945983887e-01 3.609522283077239990e-01
6.540114879608154297e-01 3.459885120391845703e-01
6.430300474166870117e-01 3.569699525833129883e-01
6.276242136955261230e-01 3.723757863044738770e-01
6.617174744606018066e-01 3.382825553417205811e-01
6.833372116088867188e-01 3.166628181934356689e-01
6.984495520591735840e-01 3.015504479408264160e-01
7.128277420997619629e-01 2.871722579002380371e-01
7.149359583854675293e-01 2.850641012191772461e-01
7.374473214149475098e-01 2.625526487827301025e-01
7.477238178253173828e-01 2.522761821746826172e-01
7.442919611930847168e-01 2.557080090045928955e-01
7.449787855148315430e-01 2.550212144851684570e-01
7.235813140869140625e-01 2.764186263084411621e-01
7.622767686843872070e-01 2.377232462167739868e-01
7.847467064857482910e-01 2.152533382177352905e-01
7.816922664642333984e-01 2.183076888322830200e-01
7.560482621192932129e-01 2.439517527818679810e-01
7.067304253578186035e-01 2.932696044445037842e-01
6.508480310440063477e-01 3.491519391536712646e-01
7.717747688293457031e-01 2.282253056764602661e-01
7.235096096992492676e-01 2.764903604984283447e-01
6.939356327056884766e-01 3.060643970966339111e-01
6.542394161224365234e-01 3.457605540752410889e-01
5.883715748786926270e-01 4.116283953189849854e-01
6.158484816551208496e-01 3.841515183448791504e-01
5.910081863403320312e-01 4.089918434619903564e-01
5.744012594223022461e-01 4.255986809730529785e-01
5.599684715270996094e-01 4.400315582752227783e-01
5.549652576446533203e-01 4.450347721576690674e-01
9.731225967407226562e-01 2.687741070985794067e-02
9.575928449630737305e-01 4.240717738866806030e-02
9.241464734077453613e-01 7.585350424051284790e-02
9.182646274566650391e-01 8.173540979623794556e-02
9.545027017593383789e-01 4.549723118543624878e-02
9.473063349723815918e-01 5.269365757703781128e-02
9.143096208572387695e-01 8.569040894508361816e-02
8.816015720367431641e-01 1.183984056115150452e-01
8.725818991661071777e-01 1.274181306362152100e-01
8.590357899665832520e-01 1.409642547369003296e-01
7.980473637580871582e-01 2.019525915384292603e-01
8.972118496894836426e-01 1.027881726622581482e-01
8.597064614295959473e-01 1.402935534715652466e-01
8.758929371833801270e-01 1.241071000695228577e-01
8.580147624015808105e-01 1.419852077960968018e-01
7.853711843490600586e-01 2.146288305521011353e-01
7.215120196342468262e-01 2.784879803657531738e-01
6.429999470710754395e-01 3.570000231266021729e-01
6.450350880622863770e-01 3.549649119377136230e-01
6.678494215011596680e-01 3.321506381034851074e-01
6.262705922126770020e-01 3.737294077873229980e-01
5.079436302185058594e-01 4.920563399791717529e-01
4.822268187999725342e-01 5.177730917930603027e-01
4.067271947860717773e-01 5.932728052139282227e-01
4.092726111412048340e-01 5.907273888587951660e-01
3.627145588397979736e-01 6.372854113578796387e-01
4.017473161220550537e-01 5.982526540756225586e-01
3.903732895851135254e-01 6.096266508102416992e-01
3.878585696220397949e-01 6.121414899826049805e-01
4.509523212909698486e-01 5.490476489067077637e-01
4.673038125038146973e-01 5.326961874961853027e-01
3.641380071640014648e-01 6.358619928359985352e-01
3.946940302848815918e-01 6.053059697151184082e-01
5.750388503074645996e-01 4.249611198902130127e-01
6.468473076820373535e-01 3.531527519226074219e-01
6.693351268768310547e-01 3.306648433208465576e-01
6.042669415473937988e-01 3.957330584526062012e-01
6.211810111999511719e-01 3.788189888000488281e-01
5.236417055130004883e-01 4.763583242893218994e-01
5.712356567382812500e-01 4.287643432617187500e-01
5.214449763298034668e-01 4.785549938678741455e-01
4.014415442943572998e-01 5.985584259033203125e-01
3.666275441646575928e-01 6.333724856376647949e-01
3.619845807552337646e-01 6.380154490470886230e-01
3.580861985683441162e-01 6.419138312339782715e-01
3.933363854885101318e-01 6.066637039184570312e-01
4.417231678962707520e-01 5.582768321037292480e-01
5.013226270675659180e-01 4.986774325370788574e-01
4.971452057361602783e-01 5.028547644615173340e-01
5.088027715682983398e-01 4.911972582340240479e-01
5.296577215194702148e-01 4.703422486782073975e-01
5.960478186607360840e-01 4.039521515369415283e-01
6.050552129745483398e-01 3.949448168277740479e-01
5.610362887382507324e-01 4.389636516571044922e-01
5.384988784790039062e-01 4.615011215209960938e-01
5.644211173057556152e-01 4.355788528919219971e-01
5.647590756416320801e-01 4.352408945560455322e-01
5.637053251266479492e-01 4.362947344779968262e-01
5.277514457702636719e-01 4.722485244274139404e-01
4.713467657566070557e-01 5.286532640457153320e-01
4.536229968070983887e-01 5.463770031929016113e-01
4.380021095275878906e-01 5.619978904724121094e-01
4.731076359748840332e-01 5.268923640251159668e-01
4.401246309280395508e-01 5.598753690719604492e-01
3.738116323947906494e-01 6.261883378028869629e-01
4.502943158149719238e-01 5.497056841850280762e-01
5.045850276947021484e-01 4.954150021076202393e-01
6.393225789070129395e-01 3.606773912906646729e-01
7.312706708908081055e-01 2.687292397022247314e-01
7.977773547172546387e-01 2.022226452827453613e-01
8.374792933464050293e-01 1.625206619501113892e-01
8.978801965713500977e-01 1.021197959780693054e-01
4.532790780067443848e-01 5.467209219932556152e-01
3.742689192295074463e-01 6.257311701774597168e-01
5.178682804107666016e-01 4.821317195892333984e-01
3.324971497058868408e-01 6.675028800964355469e-01
5.124178528785705566e-01 4.875822067260742188e-01
5.638477802276611328e-01 4.361522793769836426e-01
5.736764073371887207e-01 4.263235926628112793e-01
5.355039834976196289e-01 4.644960165023803711e-01
5.149737596511840820e-01 4.850263297557830811e-01
5.712503194808959961e-01 4.287496507167816162e-01
5.486055016517639160e-01 4.513944685459136963e-01
5.207601785659790039e-01 4.792398512363433838e-01
4.127323329448699951e-01 5.872675776481628418e-01
3.704091012477874756e-01 6.295909285545349121e-01
3.671534657478332520e-01 6.328464746475219727e-01
3.714501857757568359e-01 6.285498142242431641e-01
4.641339480876922607e-01 5.358659625053405762e-01
5.305809378623962402e-01 4.694190621376037598e-01
5.764775872230529785e-01 4.235223531723022461e-01
5.973911285400390625e-01 4.026088714599609375e-01
5.972574353218078613e-01 4.027425646781921387e-01
5.902926325798034668e-01 4.097073376178741455e-01
5.196799039840698242e-01 4.803200662136077881e-01
5.342912673950195312e-01 4.657087326049804688e-01
5.649828910827636719e-01 4.350171089172363281e-01
5.005819797515869141e-01 4.994179606437683105e-01
3.717869520187377930e-01 6.282130479812622070e-01
3.412293493747711182e-01 6.587706804275512695e-01
2.537174224853515625e-01 7.462825775146484375e-01
2.229991257190704346e-01 7.770009040832519531e-01
1.611503511667251587e-01 8.388496637344360352e-01
1.707119345664978027e-01 8.292880654335021973e-01
1.503795236349105835e-01 8.496204614639282227e-01
5.857164263725280762e-01 4.142836630344390869e-01
7.595210671424865723e-01 2.404789626598358154e-01
6.315886974334716797e-01 3.684113025665283203e-01
5.816909074783325195e-01 4.183090031147003174e-01
5.880748033523559570e-01 4.119251966476440430e-01
5.659844875335693359e-01 4.340154826641082764e-01
5.792612433433532715e-01 4.207387864589691162e-01
4.544579684734344482e-01 5.455420613288879395e-01
4.432682693004608154e-01 5.567317008972167969e-01
4.348018467426300049e-01 5.651981234550476074e-01
5.158174037933349609e-01 4.841826260089874268e-01
3.578015267848968506e-01 6.421985030174255371e-01
3.894542753696441650e-01 6.105456352233886719e-01
3.565753698348999023e-01 6.434246897697448730e-01
3.631110191345214844e-01 6.368889808654785156e-01
3.234098851680755615e-01 6.765901446342468262e-01
2.947691380977630615e-01 7.052308320999145508e-01
2.347730845212936401e-01 7.652269005775451660e-01
1.834959834814071655e-01 8.165040016174316406e-01
2.327769547700881958e-01 7.672230601310729980e-01
3.016819953918457031e-01 6.983180046081542969e-01
6.056851744651794434e-01 3.943148553371429443e-01
7.320178747177124023e-01 2.679821252822875977e-01
7.787771224975585938e-01 2.212228924036026001e-01
8.333914279937744141e-01 1.666086018085479736e-01
8.568605184555053711e-01 1.431394666433334351e-01
7.754864692687988281e-01 2.245135456323623657e-01
8.130829930305480957e-01 1.869170516729354858e-01
8.089873790740966797e-01 1.910125613212585449e-01
8.241009116172790527e-01 1.758990883827209473e-01
7.839566469192504883e-01 2.160433679819107056e-01
7.235211133956909180e-01 2.764788269996643066e-01
6.788568496704101562e-01 3.211431801319122314e-01
7.263306379318237305e-01 2.736693918704986572e-01
7.002996802330017090e-01 2.997003495693206787e-01
7.797433137893676758e-01 2.202566862106323242e-01
7.120479345321655273e-01 2.879521250724792480e-01
6.519502997398376465e-01 3.480497300624847412e-01
6.593381166458129883e-01 3.406618535518646240e-01
5.815156698226928711e-01 4.184843301773071289e-01
5.227507948875427246e-01 4.772492051124572754e-01
4.114368557929992676e-01 5.885631442070007324e-01
3.722059428691864014e-01 6.277940273284912109e-01
9.385656714439392090e-01 6.143431738018989563e-02
8.942226767539978027e-01 1.057773828506469727e-01
9.086538553237915039e-01 9.134613722562789917e-02
7.470459342002868652e-01 2.529540657997131348e-01
7.909973859786987305e-01 2.090025842189788818e-01
8.010118603706359863e-01 1.989881247282028198e-01
6.257935762405395508e-01 3.742064237594604492e-01
6.243287920951843262e-01 3.756712675094604492e-01
6.363431811332702637e-01 3.636568486690521240e-01
7.284646630287170410e-01 2.715353369712829590e-01
7.433978319168090820e-01 2.566021382808685303e-01
6.308893561363220215e-01 3.691106140613555908e-01
6.735574007034301758e-01 3.264425694942474365e-01
8.300687670707702637e-01 1.699312031269073486e-01
7.726126909255981445e-01 2.273872941732406616e-01
7.668528556823730469e-01 2.331470996141433716e-01
8.867136240005493164e-01 1.132864058017730713e-01
9.053763747215270996e-01 9.462368488311767578e-02
8.450713753700256348e-01 1.549286395311355591e-01
8.835026621818542480e-01 1.164972707629203796e-01
8.728537559509277344e-01 1.271462738513946533e-01
8.070106506347656250e-01 1.929893493652343750e-01
9.149510860443115234e-01 8.504899591207504272e-02
9.492681622505187988e-01 5.073182284832000732e-02
9.431079030036926270e-01 5.689214169979095459e-02
9.631738066673278809e-01 3.682626411318778992e-02
9.581937789916992188e-01 4.180624708533287048e-02
9.344368577003479004e-01 6.556317210197448730e-02
9.263338446617126465e-01 7.366614788770675659e-02
9.303580522537231445e-01 6.964187324047088623e-02
9.469553828239440918e-01 5.304460972547531128e-02
9.441108703613281250e-01 5.588912218809127808e-02
9.594843983650207520e-01 4.051558673381805420e-02
9.738984704017639160e-01 2.610155753791332245e-02
9.873064756393432617e-01 1.269353646785020828e-02
9.894748926162719727e-01 1.052505336701869965e-02
9.899057745933532715e-01 1.009418349713087082e-02
9.614380002021789551e-01 3.856196627020835876e-02
8.655987977981567383e-01 1.344012320041656494e-01
9.021155238151550293e-01 9.788444638252258301e-02
4.532953202724456787e-01 5.467047691345214844e-01
4.040962159633636475e-01 5.959038138389587402e-01
2.698292434215545654e-01 7.301707863807678223e-01
3.293751776218414307e-01 6.706247925758361816e-01
1.833398044109344482e-01 8.166602253913879395e-01
1.308290511369705200e-01 8.691709637641906738e-01
1.446023434400558472e-01 8.553977012634277344e-01
1.094244867563247681e-01 8.905755281448364258e-01
1.672749966382980347e-01 8.327250480651855469e-01
1.927271634340286255e-01 8.072728514671325684e-01
1.522134840488433838e-01 8.477865457534790039e-01
1.429637372493743896e-01 8.570362329483032227e-01
8.493091166019439697e-02 9.150691032409667969e-01
4.702604562044143677e-02 9.529739022254943848e-01
1.670324355363845825e-01 8.329675793647766113e-01
3.732049167156219482e-01 6.267951130867004395e-01
1.139030531048774719e-01 8.860969543457031250e-01
1.115652397274971008e-01 8.884347677230834961e-01
1.196854263544082642e-01 8.803145289421081543e-01
1.697328388690948486e-01 8.302671909332275391e-01
2.676273882389068604e-01 7.323726415634155273e-01
3.863243460655212402e-01 6.136755943298339844e-01
4.432326853275299072e-01 5.567673444747924805e-01
5.455274581909179688e-01 4.544726312160491943e-01
5.586650967597961426e-01 4.413349628448486328e-01
5.169947147369384766e-01 4.830052554607391357e-01
6.062099933624267578e-01 3.937900662422180176e-01
5.697699785232543945e-01 4.302300810813903809e-01
5.842466354370117188e-01 4.157533645629882812e-01
5.774052143096923828e-01 4.225946962833404541e-01
6.885160207748413086e-01 3.114840090274810791e-01
6.308588981628417969e-01 3.691411018371582031e-01
5.054426789283752441e-01 4.945572614669799805e-01
5.928131937980651855e-01 4.071868360042572021e-01
4.440267384052276611e-01 5.559732913970947266e-01
4.413801729679107666e-01 5.586198568344116211e-01
4.105821251869201660e-01 5.894179344177246094e-01
8.880354762077331543e-01 1.119645237922668457e-01
7.930088639259338379e-01 2.069910764694213867e-01
6.513431668281555176e-01 3.486568331718444824e-01
4.931735992431640625e-01 5.068264007568359375e-01
6.878260374069213867e-01 3.121739625930786133e-01
5.120183825492858887e-01 4.879815876483917236e-01
6.297016143798828125e-01 3.702983260154724121e-01
6.494463086128234863e-01 3.505537807941436768e-01
5.470268726348876953e-01 4.529731869697570801e-01
4.370544254779815674e-01 5.629455447196960449e-01
3.745714426040649414e-01 6.254285573959350586e-01
3.104772567749023438e-01 6.895227432250976562e-01
2.729261815547943115e-01 7.270737886428833008e-01
2.136495858430862427e-01 7.863504290580749512e-01
2.306244224309921265e-01 7.693755626678466797e-01
2.350751906633377075e-01 7.649248242378234863e-01
2.674207985401153564e-01 7.325791716575622559e-01
3.008726239204406738e-01 6.991273164749145508e-01
3.463317453861236572e-01 6.536682248115539551e-01
3.516391217708587646e-01 6.483609676361083984e-01
4.001543223857879639e-01 5.998457074165344238e-01
3.923214972019195557e-01 6.076785326004028320e-01
5.922217369079589844e-01 4.077782034873962402e-01
5.607377290725708008e-01 4.392622709274291992e-01
4.005041420459747314e-01 5.994957685470581055e-01
3.172595202922821045e-01 6.827404499053955078e-01
3.396917581558227539e-01 6.603083014488220215e-01
3.225446641445159912e-01 6.774553656578063965e-01
4.637769460678100586e-01 5.362231135368347168e-01
4.242483079433441162e-01 5.757516622543334961e-01
3.665007054805755615e-01 6.334992051124572754e-01
3.908675909042358398e-01 6.091324090957641602e-01
3.979576230049133301e-01 6.020423769950866699e-01
3.110609650611877441e-01 6.889389753341674805e-01
3.127218186855316162e-01 6.872781515121459961e-01
3.127632141113281250e-01 6.872368454933166504e-01
3.132412731647491455e-01 6.867586970329284668e-01
3.479318320751190186e-01 6.520681977272033691e-01
